1000
231
207
212
29
131
128
133
0
199
56
127
126
27
198
138
137
57
71
77
84
72
74
73
70
196
55
3
54
130
163
30
129
4
31
215
213
214
79
75
139
10
7
188
6
236
76
132
140
197
16
28
8
83
9
164
82
81
195
23
5
147
21
22
206
2
145
146
152
124
125
158
170
169
168
154
156
166
232
78
157
193
161
191
203
167
115
122
24
205
204
190
149
233
165
189
171
143
144
50
51
15
142
25
159
49
17
234
44
45
162
119
123
151
19
14
134
235
52
135
194
53
209
208
211
120
121
175
210
174
172
173
41
42
202
11
89
91
87
90
48
47
186
46
153
20
155
141
