1000 0.0009990009990009992
207 0.026316741488945507
222 0.02382744018595697
225 0.021438728966100423
223 0.02318626117038149
227 0.02083765450538473
230 0.0207406249716737
226 0.021393574553678744
224 0.02323452802826737
131 0.040893755375867716
221 0.025387183418947686
231 0.021156860365285846
218 0.025463622695996155
220 0.025447083656263372
216 0.026174651262363242
217 0.025930701575863774
219 0.025448432976570422
212 0.026317102255430255
133 0.04865200103794477
29 0.04478510545961091
128 0.041457176855891
176 0.03322583302126646
199 0.07055365123387586
183 0.033605634951259365
138 0.08549403829844977
126 0.11854133936146087
127 0.11824927114663382
57 0.14932986780153656
139 0.24673042318430352
137 0.08852166717304351
196 0.11762617238046764
27 0.07610871612373848
0 0.06857525806537919
132 0.4869059566845147
55 0.16353934538328493
130 0.16412657296939054
31 0.32711360704422937
163 0.40597371777343977
198 0.08959582152157769
54 0.1640844883226962
213 0.26828044647190574
56 0.14230101565169076
157 0.7206941950568128
129 0.1775283812354774
140 0.4869059566845147
58 0.15792916716677305
152 0.6284471349018429
236 0.5969832203839419
154 0.6760274770956709
215 0.26828044647190574
30 0.1668511396956669
64 0.2024249487043465
180 0.3751889628312676
168 0.5842650088396947
167 0.6263965671554618
6 0.4798471385468764
61 0.2024249487043465
197 0.40726559995689204
158 0.7150569495002694
188 0.25573620637541133
214 0.26828044647190574
7 0.42455869379688865
60 0.1979376305001048
10 0.42455869379688865
4 0.4076980564043895
84 0.9244009982920404
169 0.5842650088396947
149 0.7996456936111969
3 0.4069202947932562
166 0.5821389572941769
16 0.6141722282705542
232 0.6986622130785695
59 0.41510313969607415
145 0.8766980842992365
23 0.6979002430976021
156 0.6798580042758788
28 0.8159598120834922
63 0.8803162402607914
203 0.7461856917916919
125 0.8275674028245321
124 0.8173494207762693
144 0.967737821405653
22 0.7302897540158866
164 0.49455747631156805
170 0.5842650088396947
21 0.7302897540158866
171 0.843938688566245
205 0.8758980849523235
62 0.5842650088396947
195 0.537030173044414
159 0.8992854891001135
204 0.8758980849523235
228 0.9311263700153316
69 0.7161239012857238
2 0.815266778129455
146 0.8766980842992365
78 0.43942736899161244
191 0.8268545194631457
161 0.8344016095641981
147 0.8629057596212064
190 0.8959279840317125
206 0.886004226612521
143 0.967737821405653
193 0.8333150298188126
189 0.9035179247223316
233 0.9495485834775569
15 0.9726408703851103
9 0.9638508304518596
70 0.9244009982920404
50 0.9221807453067064
24 0.9481416690579119
51 0.9226239422668878
72 0.9244009982920404
162 0.9342984805428599
74 0.9244009982920404
5 0.9953337581341669
49 0.9486101770626467
135 0.9953337581341669
77 0.9356645824265858
234 0.967737821405653
71 0.9121034499633448
79 0.9571232064662194
229 0.9770962877154157
184 0.9953337581341669
75 0.9571232064662194
73 0.9244009982920404
165 0.9552182438884098
134 0.0009990009990009992
178 0.0009990009990009992
151 0.9876527140620668
172 0.9841086517113702
186 0.9963669334894514
208 0.9994793692245778
211 0.9994793692245778
115 0.9746160293682385
8 0.9633671509730035
175 0.9800893121980532
122 0.9841086517113702
119 0.9861307093320292
173 0.9841086517113702
25 0.9856244163127963
174 0.9841086517113702
209 0.9994793692245778
235 0.9927601697636764
194 0.9948179735478279
123 0.9901998558863019
185 0.9628839566905931
142 0.9994793692245778
83 0.9672502339089063
52 0.998439732320477
182 0.9948179735478279
53 0.9974022559848126
82 0.9770962877154157
76 0.9831007293827619
81 0.9770962877154157
141 0.0009990009990009992
42 0.9994793692245778
210 0.9994793692245778
1 0.0009990009990009992
41 0.9994793692245778
121 0.9979207245027542
120 0.9979207245027542
179 0.9989592802798704
19 0.0009990009990009992
26 0.0009990009990009992
202 0.0009990009990009992
47 0.0009990009990009992
11 0.0009990009990009992
12 0.0009990009990009992
20 0.0009990009990009992
192 0.9963669334894514
48 0.0009990009990009992
17 0.0009990009990009992
46 0.9994793692245778
201 0.9994793692245778
18 0.0009990009990009992
98 0.0009990009990009992
87 0.0009990009990009992
91 0.0009990009990009992
13 0.0009990009990009992
89 0.0009990009990009992
38 0.0009990009990009992
96 0.0009990009990009992
37 0.0009990009990009992
33 0.0009990009990009992
90 0.0009990009990009992
99 0.0009990009990009992
88 0.0009990009990009992
40 0.0009990009990009992
32 0.0009990009990009992
1000 0.0009990009990009992
207 0.029544964416648695
222 0.02803355842029875
225 0.024303707645910947
223 0.02803355842029875
227 0.024303707645910947
230 0.024303707645910947
226 0.024303707645910947
224 0.02803355842029875
131 0.03524569076408541
221 0.029544964416648695
231 0.024303707645910947
218 0.029544964416648695
220 0.029544964416648695
216 0.029544964416648695
217 0.029544964416648695
219 0.029544964416648695
212 0.029544964416648695
133 0.03524569076408541
29 0.051952976867652635
128 0.02803355842029875
176 0.03524569076408541
199 0.08368967623701892
183 0.03524569076408541
138 0.06410856340664482
126 0.06410856340664482
127 0.06410856340664482
57 0.09877433309300648
139 0.0009990009990009992
137 0.06410856340664482
196 0.08368967623701892
27 0.05739421868454126
0 0.08368967623701892
132 0.35400516795865633
55 0.09877433309300648
130 0.09877433309300648
31 0.35400516795865633
163 0.21507064364207223
198 0.08368967623701892
54 0.09877433309300648
213 0.21507064364207223
56 0.07260201377848437
157 0.0009990009990009992
129 0.09877433309300648
140 0.35400516795865633
58 0.09877433309300648
152 0.0009990009990009992
236 0.0009990009990009992
154 0.0009990009990009992
215 0.21507064364207223
30 0.21507064364207223
64 0.09877433309300648
180 0.0009990009990009992
168 0.21507064364207223
167 0.21507064364207223
6 0.0009990009990009992
61 0.09877433309300648
197 0.0009990009990009992
158 0.0009990009990009992
188 0.1544532130777903
214 0.21507064364207223
7 0.0009990009990009992
60 0.09877433309300648
10 0.0009990009990009992
4 0.0009990009990009992
84 0.0009990009990009992
169 0.21507064364207223
149 0.0009990009990009992
3 0.0009990009990009992
166 0.21507064364207223
16 0.0009990009990009992
232 0.0009990009990009992
59 0.0009990009990009992
145 0.0009990009990009992
23 0.0009990009990009992
156 0.0009990009990009992
28 0.0009990009990009992
63 0.0009990009990009992
203 0.0009990009990009992
125 0.0009990009990009992
124 0.0009990009990009992
144 0.0009990009990009992
22 0.0009990009990009992
164 0.35400516795865633
170 0.21507064364207223
21 0.0009990009990009992
171 0.21507064364207223
205 0.0009990009990009992
62 0.21507064364207223
195 0.0009990009990009992
159 0.0009990009990009992
204 0.0009990009990009992
228 0.0009990009990009992
69 0.0009990009990009992
2 0.0009990009990009992
146 0.0009990009990009992
78 0.0009990009990009992
191 0.0009990009990009992
161 0.0009990009990009992
147 0.0009990009990009992
190 0.0009990009990009992
206 0.0009990009990009992
143 0.0009990009990009992
193 0.0009990009990009992
189 0.0009990009990009992
233 0.0009990009990009992
15 0.0009990009990009992
9 0.0009990009990009992
70 0.0009990009990009992
50 0.0009990009990009992
24 0.0009990009990009992
51 0.0009990009990009992
72 0.0009990009990009992
162 0.0009990009990009992
74 0.0009990009990009992
5 0.0009990009990009992
49 0.0009990009990009992
135 0.0009990009990009992
77 0.0009990009990009992
234 0.0009990009990009992
71 0.0009990009990009992
79 0.0009990009990009992
229 0.0009990009990009992
184 0.0009990009990009992
75 0.0009990009990009992
73 0.0009990009990009992
165 0.0009990009990009992
134 0.0009990009990009992
178 0.0009990009990009992
151 0.0009990009990009992
172 0.0009990009990009992
186 0.0009990009990009992
208 0.0009990009990009992
211 0.0009990009990009992
115 0.0009990009990009992
8 0.0009990009990009992
175 0.0009990009990009992
122 0.0009990009990009992
119 0.0009990009990009992
173 0.0009990009990009992
25 0.0009990009990009992
174 0.0009990009990009992
209 0.0009990009990009992
235 0.0009990009990009992
194 0.0009990009990009992
123 0.0009990009990009992
185 0.0009990009990009992
142 0.0009990009990009992
83 0.0009990009990009992
52 0.0009990009990009992
182 0.0009990009990009992
53 0.0009990009990009992
82 0.0009990009990009992
76 0.0009990009990009992
81 0.0009990009990009992
141 0.0009990009990009992
42 0.0009990009990009992
210 0.0009990009990009992
1 0.0009990009990009992
41 0.0009990009990009992
121 0.0009990009990009992
120 0.0009990009990009992
179 0.0009990009990009992
19 0.0009990009990009992
26 0.0009990009990009992
202 0.0009990009990009992
47 0.0009990009990009992
11 0.0009990009990009992
12 0.0009990009990009992
20 0.0009990009990009992
192 0.0009990009990009992
48 0.0009990009990009992
17 0.0009990009990009992
46 0.0009990009990009992
201 0.0009990009990009992
18 0.0009990009990009992
98 0.0009990009990009992
87 0.0009990009990009992
91 0.0009990009990009992
13 0.0009990009990009992
89 0.0009990009990009992
38 0.0009990009990009992
96 0.0009990009990009992
37 0.0009990009990009992
33 0.0009990009990009992
90 0.0009990009990009992
99 0.0009990009990009992
88 0.0009990009990009992
40 0.0009990009990009992
32 0.0009990009990009992
1000 0.0009990009990009992
207 0.022482893450635387
222 0.022482893450635387
225 0.022482893450635387
223 0.022482893450635387
227 0.022482893450635387
230 0.022482893450635387
226 0.022482893450635387
224 0.022482893450635387
131 0.06454630495790459
221 0.022482893450635387
231 0.022482893450635387
218 0.022482893450635387
220 0.022482893450635387
216 0.022482893450635387
217 0.022482893450635387
219 0.022482893450635387
212 0.022482893450635387
133 0.06454630495790459
29 0.0823162338258236
128 0.056425740705793544
176 0.030003010335485164
199 0.05012013186567581
183 0.03753609239653513
138 0.06454630495790459
126 0.0009990009990009992
127 0.0009990009990009992
57 0.06955105838567109
139 0.0009990009990009992
137 0.06454630495790459
196 0.06454630495790459
27 0.056425740705793544
0 0.056425740705793544
132 0.0009990009990009992
55 0.3096306523990335
130 0.3096306523990335
31 0.0009990009990009992
163 0.0009990009990009992
198 0.1300565463244889
54 0.3096306523990335
213 0.0009990009990009992
56 0.3096306523990335
157 0.0009990009990009992
129 0.3096306523990335
140 0.0009990009990009992
58 0.3096306523990335
152 0.0009990009990009992
236 0.0009990009990009992
154 0.0009990009990009992
215 0.0009990009990009992
30 0.18317337145190934
64 0.3096306523990335
180 0.3096306523990335
168 0.0009990009990009992
167 0.0009990009990009992
6 0.0009990009990009992
61 0.3096306523990335
197 0.3096306523990335
158 0.0009990009990009992
188 0.3096306523990335
214 0.0009990009990009992
7 0.1300565463244889
60 0.3096306523990335
10 0.1300565463244889
4 0.0009990009990009992
84 0.0009990009990009992
169 0.0009990009990009992
149 0.0009990009990009992
3 0.0009990009990009992
166 0.0009990009990009992
16 0.1300565463244889
232 0.0009990009990009992
59 0.0009990009990009992
145 0.0009990009990009992
23 0.0009990009990009992
156 0.0009990009990009992
28 0.0009990009990009992
63 0.3096306523990335
203 0.1300565463244889
125 0.1300565463244889
124 0.1300565463244889
144 0.0009990009990009992
22 0.0009990009990009992
164 0.0009990009990009992
170 0.0009990009990009992
21 0.0009990009990009992
171 0.0009990009990009992
205 0.0009990009990009992
62 0.0009990009990009992
195 0.0009990009990009992
159 0.0009990009990009992
204 0.0009990009990009992
228 0.0009990009990009992
69 0.0009990009990009992
2 0.0009990009990009992
146 0.0009990009990009992
78 0.0009990009990009992
191 0.0009990009990009992
161 0.0009990009990009992
147 0.0009990009990009992
190 0.0009990009990009992
206 0.0009990009990009992
143 0.0009990009990009992
193 0.0009990009990009992
189 0.0009990009990009992
233 0.0009990009990009992
15 0.0009990009990009992
9 0.0009990009990009992
70 0.0009990009990009992
50 0.0009990009990009992
24 0.0009990009990009992
51 0.0009990009990009992
72 0.0009990009990009992
162 0.0009990009990009992
74 0.0009990009990009992
5 0.0009990009990009992
49 0.0009990009990009992
135 0.0009990009990009992
77 0.0009990009990009992
234 0.0009990009990009992
71 0.0009990009990009992
79 0.0009990009990009992
229 0.0009990009990009992
184 0.0009990009990009992
75 0.0009990009990009992
73 0.0009990009990009992
165 0.0009990009990009992
134 0.0009990009990009992
178 0.0009990009990009992
151 0.0009990009990009992
172 0.0009990009990009992
186 0.0009990009990009992
208 0.0009990009990009992
211 0.0009990009990009992
115 0.0009990009990009992
8 0.0009990009990009992
175 0.0009990009990009992
122 0.0009990009990009992
119 0.0009990009990009992
173 0.0009990009990009992
25 0.0009990009990009992
174 0.0009990009990009992
209 0.0009990009990009992
235 0.0009990009990009992
194 0.0009990009990009992
123 0.0009990009990009992
185 0.0009990009990009992
142 0.0009990009990009992
83 0.0009990009990009992
52 0.0009990009990009992
182 0.0009990009990009992
53 0.0009990009990009992
82 0.0009990009990009992
76 0.0009990009990009992
81 0.0009990009990009992
141 0.0009990009990009992
42 0.0009990009990009992
210 0.0009990009990009992
1 0.0009990009990009992
41 0.0009990009990009992
121 0.0009990009990009992
120 0.0009990009990009992
179 0.0009990009990009992
19 0.0009990009990009992
26 0.0009990009990009992
202 0.0009990009990009992
47 0.0009990009990009992
11 0.0009990009990009992
12 0.0009990009990009992
20 0.0009990009990009992
192 0.0009990009990009992
48 0.0009990009990009992
17 0.0009990009990009992
46 0.0009990009990009992
201 0.0009990009990009992
18 0.0009990009990009992
98 0.0009990009990009992
87 0.0009990009990009992
91 0.0009990009990009992
13 0.0009990009990009992
89 0.0009990009990009992
38 0.0009990009990009992
96 0.0009990009990009992
37 0.0009990009990009992
33 0.0009990009990009992
90 0.0009990009990009992
99 0.0009990009990009992
88 0.0009990009990009992
40 0.0009990009990009992
32 0.0009990009990009992
1000 0.0009990009990009992
207 0.022482893450635387
222 0.022482893450635387
225 0.022482893450635387
223 0.022482893450635387
227 0.022482893450635387
230 0.022482893450635387
226 0.022482893450635387
224 0.022482893450635387
131 0.06454630495790459
221 0.022482893450635387
231 0.022482893450635387
218 0.022482893450635387
220 0.022482893450635387
216 0.022482893450635387
217 0.022482893450635387
219 0.022482893450635387
212 0.022482893450635387
133 0.06454630495790459
29 0.0823162338258236
128 0.056425740705793544
176 0.030003010335485164
199 0.05012013186567581
183 0.03753609239653513
138 0.06454630495790459
126 0.0009990009990009992
127 0.0009990009990009992
57 0.06955105838567109
139 0.0009990009990009992
137 0.06454630495790459
196 0.06454630495790459
27 0.056425740705793544
0 0.056425740705793544
132 0.0009990009990009992
55 0.3096306523990335
130 0.3096306523990335
31 0.0009990009990009992
163 0.0009990009990009992
198 0.1300565463244889
54 0.3096306523990335
213 0.0009990009990009992
56 0.3096306523990335
157 0.0009990009990009992
129 0.3096306523990335
140 0.0009990009990009992
58 0.3096306523990335
152 0.0009990009990009992
236 0.0009990009990009992
154 0.0009990009990009992
215 0.0009990009990009992
30 0.18317337145190934
64 0.3096306523990335
180 0.3096306523990335
168 0.0009990009990009992
167 0.0009990009990009992
6 0.0009990009990009992
61 0.3096306523990335
197 0.3096306523990335
158 0.0009990009990009992
188 0.3096306523990335
214 0.0009990009990009992
7 0.1300565463244889
60 0.3096306523990335
10 0.1300565463244889
4 0.0009990009990009992
84 0.0009990009990009992
169 0.0009990009990009992
149 0.0009990009990009992
3 0.0009990009990009992
166 0.0009990009990009992
16 0.1300565463244889
232 0.0009990009990009992
59 0.0009990009990009992
145 0.0009990009990009992
23 0.0009990009990009992
156 0.0009990009990009992
28 0.0009990009990009992
63 0.3096306523990335
203 0.1300565463244889
125 0.1300565463244889
124 0.1300565463244889
144 0.0009990009990009992
22 0.0009990009990009992
164 0.0009990009990009992
170 0.0009990009990009992
21 0.0009990009990009992
171 0.0009990009990009992
205 0.0009990009990009992
62 0.0009990009990009992
195 0.0009990009990009992
159 0.0009990009990009992
204 0.0009990009990009992
228 0.0009990009990009992
69 0.0009990009990009992
2 0.0009990009990009992
146 0.0009990009990009992
78 0.0009990009990009992
191 0.0009990009990009992
161 0.0009990009990009992
147 0.0009990009990009992
190 0.0009990009990009992
206 0.0009990009990009992
143 0.0009990009990009992
193 0.0009990009990009992
189 0.0009990009990009992
233 0.0009990009990009992
15 0.0009990009990009992
9 0.0009990009990009992
70 0.0009990009990009992
50 0.0009990009990009992
24 0.0009990009990009992
51 0.0009990009990009992
72 0.0009990009990009992
162 0.0009990009990009992
74 0.0009990009990009992
5 0.0009990009990009992
49 0.0009990009990009992
135 0.0009990009990009992
77 0.0009990009990009992
234 0.0009990009990009992
71 0.0009990009990009992
79 0.0009990009990009992
229 0.0009990009990009992
184 0.0009990009990009992
75 0.0009990009990009992
73 0.0009990009990009992
165 0.0009990009990009992
134 0.0009990009990009992
178 0.0009990009990009992
151 0.0009990009990009992
172 0.0009990009990009992
186 0.0009990009990009992
208 0.0009990009990009992
211 0.0009990009990009992
115 0.0009990009990009992
8 0.0009990009990009992
175 0.0009990009990009992
122 0.0009990009990009992
119 0.0009990009990009992
173 0.0009990009990009992
25 0.0009990009990009992
174 0.0009990009990009992
209 0.0009990009990009992
235 0.0009990009990009992
194 0.0009990009990009992
123 0.0009990009990009992
185 0.0009990009990009992
142 0.0009990009990009992
83 0.0009990009990009992
52 0.0009990009990009992
182 0.0009990009990009992
53 0.0009990009990009992
82 0.0009990009990009992
76 0.0009990009990009992
81 0.0009990009990009992
141 0.0009990009990009992
42 0.0009990009990009992
210 0.0009990009990009992
1 0.0009990009990009992
41 0.0009990009990009992
121 0.0009990009990009992
120 0.0009990009990009992
179 0.0009990009990009992
19 0.0009990009990009992
26 0.0009990009990009992
202 0.0009990009990009992
47 0.0009990009990009992
11 0.0009990009990009992
12 0.0009990009990009992
20 0.0009990009990009992
192 0.0009990009990009992
48 0.0009990009990009992
17 0.0009990009990009992
46 0.0009990009990009992
201 0.0009990009990009992
18 0.0009990009990009992
98 0.0009990009990009992
87 0.0009990009990009992
91 0.0009990009990009992
13 0.0009990009990009992
89 0.0009990009990009992
38 0.0009990009990009992
96 0.0009990009990009992
37 0.0009990009990009992
33 0.0009990009990009992
90 0.0009990009990009992
99 0.0009990009990009992
88 0.0009990009990009992
40 0.0009990009990009992
32 0.0009990009990009992
1000 0.0009990009990009992
207 0.022482893450635387
222 0.022482893450635387
225 0.022482893450635387
223 0.022482893450635387
227 0.022482893450635387
230 0.022482893450635387
226 0.022482893450635387
224 0.022482893450635387
131 0.06454630495790459
221 0.022482893450635387
231 0.022482893450635387
218 0.022482893450635387
220 0.022482893450635387
216 0.022482893450635387
217 0.022482893450635387
219 0.022482893450635387
212 0.022482893450635387
133 0.06454630495790459
29 0.0823162338258236
128 0.056425740705793544
176 0.030003010335485164
199 0.05012013186567581
183 0.03753609239653513
138 0.06454630495790459
126 0.0009990009990009992
127 0.0009990009990009992
57 0.06955105838567109
139 0.0009990009990009992
137 0.06454630495790459
196 0.06454630495790459
27 0.056425740705793544
0 0.056425740705793544
132 0.0009990009990009992
55 0.3096306523990335
130 0.3096306523990335
31 0.0009990009990009992
163 0.0009990009990009992
198 0.1300565463244889
54 0.3096306523990335
213 0.0009990009990009992
56 0.3096306523990335
157 0.0009990009990009992
129 0.3096306523990335
140 0.0009990009990009992
58 0.3096306523990335
152 0.0009990009990009992
236 0.0009990009990009992
154 0.0009990009990009992
215 0.0009990009990009992
30 0.18317337145190934
64 0.3096306523990335
180 0.3096306523990335
168 0.0009990009990009992
167 0.0009990009990009992
6 0.0009990009990009992
61 0.3096306523990335
197 0.3096306523990335
158 0.0009990009990009992
188 0.3096306523990335
214 0.0009990009990009992
7 0.1300565463244889
60 0.3096306523990335
10 0.1300565463244889
4 0.0009990009990009992
84 0.0009990009990009992
169 0.0009990009990009992
149 0.0009990009990009992
3 0.0009990009990009992
166 0.0009990009990009992
16 0.1300565463244889
232 0.0009990009990009992
59 0.0009990009990009992
145 0.0009990009990009992
23 0.0009990009990009992
156 0.0009990009990009992
28 0.0009990009990009992
63 0.3096306523990335
203 0.1300565463244889
125 0.1300565463244889
124 0.1300565463244889
144 0.0009990009990009992
22 0.0009990009990009992
164 0.0009990009990009992
170 0.0009990009990009992
21 0.0009990009990009992
171 0.0009990009990009992
205 0.0009990009990009992
62 0.0009990009990009992
195 0.0009990009990009992
159 0.0009990009990009992
204 0.0009990009990009992
228 0.0009990009990009992
69 0.0009990009990009992
2 0.0009990009990009992
146 0.0009990009990009992
78 0.0009990009990009992
191 0.0009990009990009992
161 0.0009990009990009992
147 0.0009990009990009992
190 0.0009990009990009992
206 0.0009990009990009992
143 0.0009990009990009992
193 0.0009990009990009992
189 0.0009990009990009992
233 0.0009990009990009992
15 0.0009990009990009992
9 0.0009990009990009992
70 0.0009990009990009992
50 0.0009990009990009992
24 0.0009990009990009992
51 0.0009990009990009992
72 0.0009990009990009992
162 0.0009990009990009992
74 0.0009990009990009992
5 0.0009990009990009992
49 0.0009990009990009992
135 0.0009990009990009992
77 0.0009990009990009992
234 0.0009990009990009992
71 0.0009990009990009992
79 0.0009990009990009992
229 0.0009990009990009992
184 0.0009990009990009992
75 0.0009990009990009992
73 0.0009990009990009992
165 0.0009990009990009992
134 0.0009990009990009992
178 0.0009990009990009992
151 0.0009990009990009992
172 0.0009990009990009992
186 0.0009990009990009992
208 0.0009990009990009992
211 0.0009990009990009992
115 0.0009990009990009992
8 0.0009990009990009992
175 0.0009990009990009992
122 0.0009990009990009992
119 0.0009990009990009992
173 0.0009990009990009992
25 0.0009990009990009992
174 0.0009990009990009992
209 0.0009990009990009992
235 0.0009990009990009992
194 0.0009990009990009992
123 0.0009990009990009992
185 0.0009990009990009992
142 0.0009990009990009992
83 0.0009990009990009992
52 0.0009990009990009992
182 0.0009990009990009992
53 0.0009990009990009992
82 0.0009990009990009992
76 0.0009990009990009992
81 0.0009990009990009992
141 0.0009990009990009992
42 0.0009990009990009992
210 0.0009990009990009992
1 0.0009990009990009992
41 0.0009990009990009992
121 0.0009990009990009992
120 0.0009990009990009992
179 0.0009990009990009992
19 0.0009990009990009992
26 0.0009990009990009992
202 0.0009990009990009992
47 0.0009990009990009992
11 0.0009990009990009992
12 0.0009990009990009992
20 0.0009990009990009992
192 0.0009990009990009992
48 0.0009990009990009992
17 0.0009990009990009992
46 0.0009990009990009992
201 0.0009990009990009992
18 0.0009990009990009992
98 0.0009990009990009992
87 0.0009990009990009992
91 0.0009990009990009992
13 0.0009990009990009992
89 0.0009990009990009992
38 0.0009990009990009992
96 0.0009990009990009992
37 0.0009990009990009992
33 0.0009990009990009992
90 0.0009990009990009992
99 0.0009990009990009992
88 0.0009990009990009992
40 0.0009990009990009992
32 0.0009990009990009992
1000 0.0009990009990009992
207 0.022482893450635387
222 0.022482893450635387
225 0.022482893450635387
223 0.022482893450635387
227 0.022482893450635387
230 0.022482893450635387
226 0.022482893450635387
224 0.022482893450635387
131 0.06454630495790459
221 0.022482893450635387
231 0.022482893450635387
218 0.022482893450635387
220 0.022482893450635387
216 0.022482893450635387
217 0.022482893450635387
219 0.022482893450635387
212 0.022482893450635387
133 0.06454630495790459
29 0.0823162338258236
128 0.056425740705793544
176 0.030003010335485164
199 0.05012013186567581
183 0.03753609239653513
138 0.06454630495790459
126 0.0009990009990009992
127 0.0009990009990009992
57 0.06955105838567109
139 0.0009990009990009992
137 0.06454630495790459
196 0.06454630495790459
27 0.056425740705793544
0 0.056425740705793544
132 0.0009990009990009992
55 0.3096306523990335
130 0.3096306523990335
31 0.0009990009990009992
163 0.0009990009990009992
198 0.1300565463244889
54 0.3096306523990335
213 0.0009990009990009992
56 0.3096306523990335
157 0.0009990009990009992
129 0.3096306523990335
140 0.0009990009990009992
58 0.3096306523990335
152 0.0009990009990009992
236 0.0009990009990009992
154 0.0009990009990009992
215 0.0009990009990009992
30 0.18317337145190934
64 0.3096306523990335
180 0.3096306523990335
168 0.0009990009990009992
167 0.0009990009990009992
6 0.0009990009990009992
61 0.3096306523990335
197 0.3096306523990335
158 0.0009990009990009992
188 0.3096306523990335
214 0.0009990009990009992
7 0.1300565463244889
60 0.3096306523990335
10 0.1300565463244889
4 0.0009990009990009992
84 0.0009990009990009992
169 0.0009990009990009992
149 0.0009990009990009992
3 0.0009990009990009992
166 0.0009990009990009992
16 0.1300565463244889
232 0.0009990009990009992
59 0.0009990009990009992
145 0.0009990009990009992
23 0.0009990009990009992
156 0.0009990009990009992
28 0.0009990009990009992
63 0.3096306523990335
203 0.1300565463244889
125 0.1300565463244889
124 0.1300565463244889
144 0.0009990009990009992
22 0.0009990009990009992
164 0.0009990009990009992
170 0.0009990009990009992
21 0.0009990009990009992
171 0.0009990009990009992
205 0.0009990009990009992
62 0.0009990009990009992
195 0.0009990009990009992
159 0.0009990009990009992
204 0.0009990009990009992
228 0.0009990009990009992
69 0.0009990009990009992
2 0.0009990009990009992
146 0.0009990009990009992
78 0.0009990009990009992
191 0.0009990009990009992
161 0.0009990009990009992
147 0.0009990009990009992
190 0.0009990009990009992
206 0.0009990009990009992
143 0.0009990009990009992
193 0.0009990009990009992
189 0.0009990009990009992
233 0.0009990009990009992
15 0.0009990009990009992
9 0.0009990009990009992
70 0.0009990009990009992
50 0.0009990009990009992
24 0.0009990009990009992
51 0.0009990009990009992
72 0.0009990009990009992
162 0.0009990009990009992
74 0.0009990009990009992
5 0.0009990009990009992
49 0.0009990009990009992
135 0.0009990009990009992
77 0.0009990009990009992
234 0.0009990009990009992
71 0.0009990009990009992
79 0.0009990009990009992
229 0.0009990009990009992
184 0.0009990009990009992
75 0.0009990009990009992
73 0.0009990009990009992
165 0.0009990009990009992
134 0.0009990009990009992
178 0.0009990009990009992
151 0.0009990009990009992
172 0.0009990009990009992
186 0.0009990009990009992
208 0.0009990009990009992
211 0.0009990009990009992
115 0.0009990009990009992
8 0.0009990009990009992
175 0.0009990009990009992
122 0.0009990009990009992
119 0.0009990009990009992
173 0.0009990009990009992
25 0.0009990009990009992
174 0.0009990009990009992
209 0.0009990009990009992
235 0.0009990009990009992
194 0.0009990009990009992
123 0.0009990009990009992
185 0.0009990009990009992
142 0.0009990009990009992
83 0.0009990009990009992
52 0.0009990009990009992
182 0.0009990009990009992
53 0.0009990009990009992
82 0.0009990009990009992
76 0.0009990009990009992
81 0.0009990009990009992
141 0.0009990009990009992
42 0.0009990009990009992
210 0.0009990009990009992
1 0.0009990009990009992
41 0.0009990009990009992
121 0.0009990009990009992
120 0.0009990009990009992
179 0.0009990009990009992
19 0.0009990009990009992
26 0.0009990009990009992
202 0.0009990009990009992
47 0.0009990009990009992
11 0.0009990009990009992
12 0.0009990009990009992
20 0.0009990009990009992
192 0.0009990009990009992
48 0.0009990009990009992
17 0.0009990009990009992
46 0.0009990009990009992
201 0.0009990009990009992
18 0.0009990009990009992
98 0.0009990009990009992
87 0.0009990009990009992
91 0.0009990009990009992
13 0.0009990009990009992
89 0.0009990009990009992
38 0.0009990009990009992
96 0.0009990009990009992
37 0.0009990009990009992
33 0.0009990009990009992
90 0.0009990009990009992
99 0.0009990009990009992
88 0.0009990009990009992
40 0.0009990009990009992
32 0.0009990009990009992
1000 0.0009990009990009992
207 0.022482893450635387
222 0.022482893450635387
225 0.022482893450635387
223 0.022482893450635387
227 0.022482893450635387
230 0.022482893450635387
226 0.022482893450635387
224 0.022482893450635387
131 0.06454630495790459
221 0.022482893450635387
231 0.022482893450635387
218 0.022482893450635387
220 0.022482893450635387
216 0.022482893450635387
217 0.022482893450635387
219 0.022482893450635387
212 0.022482893450635387
133 0.06454630495790459
29 0.0823162338258236
128 0.056425740705793544
176 0.030003010335485164
199 0.05012013186567581
183 0.03753609239653513
138 0.06454630495790459
126 0.0009990009990009992
127 0.0009990009990009992
57 0.06955105838567109
139 0.0009990009990009992
137 0.06454630495790459
196 0.06454630495790459
27 0.056425740705793544
0 0.056425740705793544
132 0.0009990009990009992
55 0.3096306523990335
130 0.3096306523990335
31 0.0009990009990009992
163 0.0009990009990009992
198 0.1300565463244889
54 0.3096306523990335
213 0.0009990009990009992
56 0.3096306523990335
157 0.0009990009990009992
129 0.3096306523990335
140 0.0009990009990009992
58 0.3096306523990335
152 0.0009990009990009992
236 0.0009990009990009992
154 0.0009990009990009992
215 0.0009990009990009992
30 0.18317337145190934
64 0.3096306523990335
180 0.3096306523990335
168 0.0009990009990009992
167 0.0009990009990009992
6 0.0009990009990009992
61 0.3096306523990335
197 0.3096306523990335
158 0.0009990009990009992
188 0.3096306523990335
214 0.0009990009990009992
7 0.1300565463244889
60 0.3096306523990335
10 0.1300565463244889
4 0.0009990009990009992
84 0.0009990009990009992
169 0.0009990009990009992
149 0.0009990009990009992
3 0.0009990009990009992
166 0.0009990009990009992
16 0.1300565463244889
232 0.0009990009990009992
59 0.0009990009990009992
145 0.0009990009990009992
23 0.0009990009990009992
156 0.0009990009990009992
28 0.0009990009990009992
63 0.3096306523990335
203 0.1300565463244889
125 0.1300565463244889
124 0.1300565463244889
144 0.0009990009990009992
22 0.0009990009990009992
164 0.0009990009990009992
170 0.0009990009990009992
21 0.0009990009990009992
171 0.0009990009990009992
205 0.0009990009990009992
62 0.0009990009990009992
195 0.0009990009990009992
159 0.0009990009990009992
204 0.0009990009990009992
228 0.0009990009990009992
69 0.0009990009990009992
2 0.0009990009990009992
146 0.0009990009990009992
78 0.0009990009990009992
191 0.0009990009990009992
161 0.0009990009990009992
147 0.0009990009990009992
190 0.0009990009990009992
206 0.0009990009990009992
143 0.0009990009990009992
193 0.0009990009990009992
189 0.0009990009990009992
233 0.0009990009990009992
15 0.0009990009990009992
9 0.0009990009990009992
70 0.0009990009990009992
50 0.0009990009990009992
24 0.0009990009990009992
51 0.0009990009990009992
72 0.0009990009990009992
162 0.0009990009990009992
74 0.0009990009990009992
5 0.0009990009990009992
49 0.0009990009990009992
135 0.0009990009990009992
77 0.0009990009990009992
234 0.0009990009990009992
71 0.0009990009990009992
79 0.0009990009990009992
229 0.0009990009990009992
184 0.0009990009990009992
75 0.0009990009990009992
73 0.0009990009990009992
165 0.0009990009990009992
134 0.0009990009990009992
178 0.0009990009990009992
151 0.0009990009990009992
172 0.0009990009990009992
186 0.0009990009990009992
208 0.0009990009990009992
211 0.0009990009990009992
115 0.0009990009990009992
8 0.0009990009990009992
175 0.0009990009990009992
122 0.0009990009990009992
119 0.0009990009990009992
173 0.0009990009990009992
25 0.0009990009990009992
174 0.0009990009990009992
209 0.0009990009990009992
235 0.0009990009990009992
194 0.0009990009990009992
123 0.0009990009990009992
185 0.0009990009990009992
142 0.0009990009990009992
83 0.0009990009990009992
52 0.0009990009990009992
182 0.0009990009990009992
53 0.0009990009990009992
82 0.0009990009990009992
76 0.0009990009990009992
81 0.0009990009990009992
141 0.0009990009990009992
42 0.0009990009990009992
210 0.0009990009990009992
1 0.0009990009990009992
41 0.0009990009990009992
121 0.0009990009990009992
120 0.0009990009990009992
179 0.0009990009990009992
19 0.0009990009990009992
26 0.0009990009990009992
202 0.0009990009990009992
47 0.0009990009990009992
11 0.0009990009990009992
12 0.0009990009990009992
20 0.0009990009990009992
192 0.0009990009990009992
48 0.0009990009990009992
17 0.0009990009990009992
46 0.0009990009990009992
201 0.0009990009990009992
18 0.0009990009990009992
98 0.0009990009990009992
87 0.0009990009990009992
91 0.0009990009990009992
13 0.0009990009990009992
89 0.0009990009990009992
38 0.0009990009990009992
96 0.0009990009990009992
37 0.0009990009990009992
33 0.0009990009990009992
90 0.0009990009990009992
99 0.0009990009990009992
88 0.0009990009990009992
40 0.0009990009990009992
32 0.0009990009990009992
1000 0.0009990009990009992
207 0.025832241593604085
222 0.02420598696842834
225 0.022772365187005834
223 0.02383092131767331
227 0.022117403434093588
230 0.02180385040687289
226 0.022772365187005834
224 0.02383092131767331
131 0.05389305487420282
221 0.024593047427164283
231 0.022772365187005834
218 0.024593047427164283
220 0.024593047427164283
216 0.025832241593604085
217 0.02540553041065116
219 0.024593047427164283
212 0.025832241593604085
133 0.060223979951444906
29 0.042093163282062515
128 0.037939710888549014
176 0.03889928676210228
199 0.07140867304299378
183 0.03889928676210228
138 0.08296472111338872
126 0.1612497378905431
127 0.1612497378905431
57 0.09299794412867335
139 0.6059889676910953
137 0.08296472111338872
196 0.1226670920401978
27 0.060223979951444906
0 0.09898313811301326
132 0.0009990009990009992
55 0.09299794412867335
130 0.09299794412867335
31 0.4347088750706614
163 0.0009990009990009992
198 0.08769529022693578
54 0.09299794412867335
213 0.20403289997346774
56 0.08769529022693578
157 0.0009990009990009992
129 0.09299794412867335
140 0.0009990009990009992
58 0.09299794412867335
152 0.0009990009990009992
236 0.6059889676910953
154 0.0009990009990009992
215 0.20403289997346774
30 0.4347088750706614
64 0.11360614566405673
180 0.6059889676910953
168 0.6059889676910953
167 0.6059889676910953
6 0.6059889676910953
61 0.11360614566405673
197 0.6059889676910953
158 0.0009990009990009992
188 0.20403289997346774
214 0.20403289997346774
7 0.6059889676910953
60 0.11360614566405673
10 0.6059889676910953
4 0.33891582194799474
84 0.0009990009990009992
169 0.6059889676910953
149 0.4347088750706614
3 0.33891582194799474
166 0.4347088750706614
16 0.0009990009990009992
232 0.0009990009990009992
59 0.33891582194799474
145 0.0009990009990009992
23 0.0009990009990009992
156 0.0009990009990009992
28 0.0009990009990009992
63 0.0009990009990009992
203 0.0009990009990009992
125 0.0009990009990009992
124 0.0009990009990009992
144 0.0009990009990009992
22 0.0009990009990009992
164 0.4347088750706614
170 0.6059889676910953
21 0.0009990009990009992
171 0.4347088750706614
205 0.0009990009990009992
62 0.6059889676910953
195 0.0009990009990009992
159 0.0009990009990009992
204 0.0009990009990009992
228 0.0009990009990009992
69 0.0009990009990009992
2 0.0009990009990009992
146 0.0009990009990009992
78 0.33891582194799474
191 0.0009990009990009992
161 0.0009990009990009992
147 0.0009990009990009992
190 0.0009990009990009992
206 0.0009990009990009992
143 0.0009990009990009992
193 0.0009990009990009992
189 0.0009990009990009992
233 0.0009990009990009992
15 0.0009990009990009992
9 0.0009990009990009992
70 0.0009990009990009992
50 0.0009990009990009992
24 0.0009990009990009992
51 0.0009990009990009992
72 0.0009990009990009992
162 0.0009990009990009992
74 0.0009990009990009992
5 0.0009990009990009992
49 0.0009990009990009992
135 0.0009990009990009992
77 0.0009990009990009992
234 0.0009990009990009992
71 0.0009990009990009992
79 0.0009990009990009992
229 0.0009990009990009992
184 0.0009990009990009992
75 0.0009990009990009992
73 0.0009990009990009992
165 0.0009990009990009992
134 0.0009990009990009992
178 0.0009990009990009992
151 0.0009990009990009992
172 0.0009990009990009992
186 0.0009990009990009992
208 0.0009990009990009992
211 0.0009990009990009992
115 0.0009990009990009992
8 0.0009990009990009992
175 0.0009990009990009992
122 0.0009990009990009992
119 0.0009990009990009992
173 0.0009990009990009992
25 0.0009990009990009992
174 0.0009990009990009992
209 0.0009990009990009992
235 0.0009990009990009992
194 0.0009990009990009992
123 0.0009990009990009992
185 0.0009990009990009992
142 0.0009990009990009992
83 0.0009990009990009992
52 0.0009990009990009992
182 0.0009990009990009992
53 0.0009990009990009992
82 0.0009990009990009992
76 0.0009990009990009992
81 0.0009990009990009992
141 0.0009990009990009992
42 0.0009990009990009992
210 0.0009990009990009992
1 0.0009990009990009992
41 0.0009990009990009992
121 0.0009990009990009992
120 0.0009990009990009992
179 0.0009990009990009992
19 0.0009990009990009992
26 0.0009990009990009992
202 0.0009990009990009992
47 0.0009990009990009992
11 0.0009990009990009992
12 0.0009990009990009992
20 0.0009990009990009992
192 0.0009990009990009992
48 0.0009990009990009992
17 0.0009990009990009992
46 0.0009990009990009992
201 0.0009990009990009992
18 0.0009990009990009992
98 0.0009990009990009992
87 0.0009990009990009992
91 0.0009990009990009992
13 0.0009990009990009992
89 0.0009990009990009992
38 0.0009990009990009992
96 0.0009990009990009992
37 0.0009990009990009992
33 0.0009990009990009992
90 0.0009990009990009992
99 0.0009990009990009992
88 0.0009990009990009992
40 0.0009990009990009992
32 0.0009990009990009992
1000 0.0009990009990009992
207 0.022482893450635387
222 0.022482893450635387
225 0.022482893450635387
223 0.022482893450635387
227 0.022482893450635387
230 0.022482893450635387
226 0.022482893450635387
224 0.022482893450635387
131 0.06454630495790459
221 0.022482893450635387
231 0.022482893450635387
218 0.022482893450635387
220 0.022482893450635387
216 0.022482893450635387
217 0.022482893450635387
219 0.022482893450635387
212 0.022482893450635387
133 0.06454630495790459
29 0.0823162338258236
128 0.056425740705793544
176 0.030003010335485164
199 0.05012013186567581
183 0.03753609239653513
138 0.06454630495790459
126 0.0009990009990009992
127 0.0009990009990009992
57 0.06955105838567109
139 0.0009990009990009992
137 0.06454630495790459
196 0.06454630495790459
27 0.056425740705793544
0 0.056425740705793544
132 0.0009990009990009992
55 0.3096306523990335
130 0.3096306523990335
31 0.0009990009990009992
163 0.0009990009990009992
198 0.1300565463244889
54 0.3096306523990335
213 0.0009990009990009992
56 0.3096306523990335
157 0.0009990009990009992
129 0.3096306523990335
140 0.0009990009990009992
58 0.3096306523990335
152 0.0009990009990009992
236 0.0009990009990009992
154 0.0009990009990009992
215 0.0009990009990009992
30 0.18317337145190934
64 0.3096306523990335
180 0.3096306523990335
168 0.0009990009990009992
167 0.0009990009990009992
6 0.0009990009990009992
61 0.3096306523990335
197 0.3096306523990335
158 0.0009990009990009992
188 0.3096306523990335
214 0.0009990009990009992
7 0.1300565463244889
60 0.3096306523990335
10 0.1300565463244889
4 0.0009990009990009992
84 0.0009990009990009992
169 0.0009990009990009992
149 0.0009990009990009992
3 0.0009990009990009992
166 0.0009990009990009992
16 0.1300565463244889
232 0.0009990009990009992
59 0.0009990009990009992
145 0.0009990009990009992
23 0.0009990009990009992
156 0.0009990009990009992
28 0.0009990009990009992
63 0.3096306523990335
203 0.1300565463244889
125 0.1300565463244889
124 0.1300565463244889
144 0.0009990009990009992
22 0.0009990009990009992
164 0.0009990009990009992
170 0.0009990009990009992
21 0.0009990009990009992
171 0.0009990009990009992
205 0.0009990009990009992
62 0.0009990009990009992
195 0.0009990009990009992
159 0.0009990009990009992
204 0.0009990009990009992
228 0.0009990009990009992
69 0.0009990009990009992
2 0.0009990009990009992
146 0.0009990009990009992
78 0.0009990009990009992
191 0.0009990009990009992
161 0.0009990009990009992
147 0.0009990009990009992
190 0.0009990009990009992
206 0.0009990009990009992
143 0.0009990009990009992
193 0.0009990009990009992
189 0.0009990009990009992
233 0.0009990009990009992
15 0.0009990009990009992
9 0.0009990009990009992
70 0.0009990009990009992
50 0.0009990009990009992
24 0.0009990009990009992
51 0.0009990009990009992
72 0.0009990009990009992
162 0.0009990009990009992
74 0.0009990009990009992
5 0.0009990009990009992
49 0.0009990009990009992
135 0.0009990009990009992
77 0.0009990009990009992
234 0.0009990009990009992
71 0.0009990009990009992
79 0.0009990009990009992
229 0.0009990009990009992
184 0.0009990009990009992
75 0.0009990009990009992
73 0.0009990009990009992
165 0.0009990009990009992
134 0.0009990009990009992
178 0.0009990009990009992
151 0.0009990009990009992
172 0.0009990009990009992
186 0.0009990009990009992
208 0.0009990009990009992
211 0.0009990009990009992
115 0.0009990009990009992
8 0.0009990009990009992
175 0.0009990009990009992
122 0.0009990009990009992
119 0.0009990009990009992
173 0.0009990009990009992
25 0.0009990009990009992
174 0.0009990009990009992
209 0.0009990009990009992
235 0.0009990009990009992
194 0.0009990009990009992
123 0.0009990009990009992
185 0.0009990009990009992
142 0.0009990009990009992
83 0.0009990009990009992
52 0.0009990009990009992
182 0.0009990009990009992
53 0.0009990009990009992
82 0.0009990009990009992
76 0.0009990009990009992
81 0.0009990009990009992
141 0.0009990009990009992
42 0.0009990009990009992
210 0.0009990009990009992
1 0.0009990009990009992
41 0.0009990009990009992
121 0.0009990009990009992
120 0.0009990009990009992
179 0.0009990009990009992
19 0.0009990009990009992
26 0.0009990009990009992
202 0.0009990009990009992
47 0.0009990009990009992
11 0.0009990009990009992
12 0.0009990009990009992
20 0.0009990009990009992
192 0.0009990009990009992
48 0.0009990009990009992
17 0.0009990009990009992
46 0.0009990009990009992
201 0.0009990009990009992
18 0.0009990009990009992
98 0.0009990009990009992
87 0.0009990009990009992
91 0.0009990009990009992
13 0.0009990009990009992
89 0.0009990009990009992
38 0.0009990009990009992
96 0.0009990009990009992
37 0.0009990009990009992
33 0.0009990009990009992
90 0.0009990009990009992
99 0.0009990009990009992
88 0.0009990009990009992
40 0.0009990009990009992
32 0.0009990009990009992
1000 0.0009990009990009992
207 0.022482893450635387
222 0.022482893450635387
225 0.022482893450635387
223 0.022482893450635387
227 0.022482893450635387
230 0.022482893450635387
226 0.022482893450635387
224 0.022482893450635387
131 0.06454630495790459
221 0.022482893450635387
231 0.022482893450635387
218 0.022482893450635387
220 0.022482893450635387
216 0.022482893450635387
217 0.022482893450635387
219 0.022482893450635387
212 0.022482893450635387
133 0.06454630495790459
29 0.0823162338258236
128 0.056425740705793544
176 0.030003010335485164
199 0.05012013186567581
183 0.03753609239653513
138 0.06454630495790459
126 0.0009990009990009992
127 0.0009990009990009992
57 0.06955105838567109
139 0.0009990009990009992
137 0.06454630495790459
196 0.06454630495790459
27 0.056425740705793544
0 0.056425740705793544
132 0.0009990009990009992
55 0.3096306523990335
130 0.3096306523990335
31 0.0009990009990009992
163 0.0009990009990009992
198 0.1300565463244889
54 0.3096306523990335
213 0.0009990009990009992
56 0.3096306523990335
157 0.0009990009990009992
129 0.3096306523990335
140 0.0009990009990009992
58 0.3096306523990335
152 0.0009990009990009992
236 0.0009990009990009992
154 0.0009990009990009992
215 0.0009990009990009992
30 0.18317337145190934
64 0.3096306523990335
180 0.3096306523990335
168 0.0009990009990009992
167 0.0009990009990009992
6 0.0009990009990009992
61 0.3096306523990335
197 0.3096306523990335
158 0.0009990009990009992
188 0.3096306523990335
214 0.0009990009990009992
7 0.1300565463244889
60 0.3096306523990335
10 0.1300565463244889
4 0.0009990009990009992
84 0.0009990009990009992
169 0.0009990009990009992
149 0.0009990009990009992
3 0.0009990009990009992
166 0.0009990009990009992
16 0.1300565463244889
232 0.0009990009990009992
59 0.0009990009990009992
145 0.0009990009990009992
23 0.0009990009990009992
156 0.0009990009990009992
28 0.0009990009990009992
63 0.3096306523990335
203 0.1300565463244889
125 0.1300565463244889
124 0.1300565463244889
144 0.0009990009990009992
22 0.0009990009990009992
164 0.0009990009990009992
170 0.0009990009990009992
21 0.0009990009990009992
171 0.0009990009990009992
205 0.0009990009990009992
62 0.0009990009990009992
195 0.0009990009990009992
159 0.0009990009990009992
204 0.0009990009990009992
228 0.0009990009990009992
69 0.0009990009990009992
2 0.0009990009990009992
146 0.0009990009990009992
78 0.0009990009990009992
191 0.0009990009990009992
161 0.0009990009990009992
147 0.0009990009990009992
190 0.0009990009990009992
206 0.0009990009990009992
143 0.0009990009990009992
193 0.0009990009990009992
189 0.0009990009990009992
233 0.0009990009990009992
15 0.0009990009990009992
9 0.0009990009990009992
70 0.0009990009990009992
50 0.0009990009990009992
24 0.0009990009990009992
51 0.0009990009990009992
72 0.0009990009990009992
162 0.0009990009990009992
74 0.0009990009990009992
5 0.0009990009990009992
49 0.0009990009990009992
135 0.0009990009990009992
77 0.0009990009990009992
234 0.0009990009990009992
71 0.0009990009990009992
79 0.0009990009990009992
229 0.0009990009990009992
184 0.0009990009990009992
75 0.0009990009990009992
73 0.0009990009990009992
165 0.0009990009990009992
134 0.0009990009990009992
178 0.0009990009990009992
151 0.0009990009990009992
172 0.0009990009990009992
186 0.0009990009990009992
208 0.0009990009990009992
211 0.0009990009990009992
115 0.0009990009990009992
8 0.0009990009990009992
175 0.0009990009990009992
122 0.0009990009990009992
119 0.0009990009990009992
173 0.0009990009990009992
25 0.0009990009990009992
174 0.0009990009990009992
209 0.0009990009990009992
235 0.0009990009990009992
194 0.0009990009990009992
123 0.0009990009990009992
185 0.0009990009990009992
142 0.0009990009990009992
83 0.0009990009990009992
52 0.0009990009990009992
182 0.0009990009990009992
53 0.0009990009990009992
82 0.0009990009990009992
76 0.0009990009990009992
81 0.0009990009990009992
141 0.0009990009990009992
42 0.0009990009990009992
210 0.0009990009990009992
1 0.0009990009990009992
41 0.0009990009990009992
121 0.0009990009990009992
120 0.0009990009990009992
179 0.0009990009990009992
19 0.0009990009990009992
26 0.0009990009990009992
202 0.0009990009990009992
47 0.0009990009990009992
11 0.0009990009990009992
12 0.0009990009990009992
20 0.0009990009990009992
192 0.0009990009990009992
48 0.0009990009990009992
17 0.0009990009990009992
46 0.0009990009990009992
201 0.0009990009990009992
18 0.0009990009990009992
98 0.0009990009990009992
87 0.0009990009990009992
91 0.0009990009990009992
13 0.0009990009990009992
89 0.0009990009990009992
38 0.0009990009990009992
96 0.0009990009990009992
37 0.0009990009990009992
33 0.0009990009990009992
90 0.0009990009990009992
99 0.0009990009990009992
88 0.0009990009990009992
40 0.0009990009990009992
32 0.0009990009990009992
1000 0.0009990009990009992
207 0.022482893450635387
222 0.022482893450635387
225 0.022482893450635387
223 0.022482893450635387
227 0.022482893450635387
230 0.022482893450635387
226 0.022482893450635387
224 0.022482893450635387
131 0.06454630495790459
221 0.022482893450635387
231 0.022482893450635387
218 0.022482893450635387
220 0.022482893450635387
216 0.022482893450635387
217 0.022482893450635387
219 0.022482893450635387
212 0.022482893450635387
133 0.06454630495790459
29 0.0823162338258236
128 0.056425740705793544
176 0.030003010335485164
199 0.05012013186567581
183 0.03753609239653513
138 0.06454630495790459
126 0.0009990009990009992
127 0.0009990009990009992
57 0.06955105838567109
139 0.0009990009990009992
137 0.06454630495790459
196 0.06454630495790459
27 0.056425740705793544
0 0.056425740705793544
132 0.0009990009990009992
55 0.3096306523990335
130 0.3096306523990335
31 0.0009990009990009992
163 0.0009990009990009992
198 0.1300565463244889
54 0.3096306523990335
213 0.0009990009990009992
56 0.3096306523990335
157 0.0009990009990009992
129 0.3096306523990335
140 0.0009990009990009992
58 0.3096306523990335
152 0.0009990009990009992
236 0.0009990009990009992
154 0.0009990009990009992
215 0.0009990009990009992
30 0.18317337145190934
64 0.3096306523990335
180 0.3096306523990335
168 0.0009990009990009992
167 0.0009990009990009992
6 0.0009990009990009992
61 0.3096306523990335
197 0.3096306523990335
158 0.0009990009990009992
188 0.3096306523990335
214 0.0009990009990009992
7 0.1300565463244889
60 0.3096306523990335
10 0.1300565463244889
4 0.0009990009990009992
84 0.0009990009990009992
169 0.0009990009990009992
149 0.0009990009990009992
3 0.0009990009990009992
166 0.0009990009990009992
16 0.1300565463244889
232 0.0009990009990009992
59 0.0009990009990009992
145 0.0009990009990009992
23 0.0009990009990009992
156 0.0009990009990009992
28 0.0009990009990009992
63 0.3096306523990335
203 0.1300565463244889
125 0.1300565463244889
124 0.1300565463244889
144 0.0009990009990009992
22 0.0009990009990009992
164 0.0009990009990009992
170 0.0009990009990009992
21 0.0009990009990009992
171 0.0009990009990009992
205 0.0009990009990009992
62 0.0009990009990009992
195 0.0009990009990009992
159 0.0009990009990009992
204 0.0009990009990009992
228 0.0009990009990009992
69 0.0009990009990009992
2 0.0009990009990009992
146 0.0009990009990009992
78 0.0009990009990009992
191 0.0009990009990009992
161 0.0009990009990009992
147 0.0009990009990009992
190 0.0009990009990009992
206 0.0009990009990009992
143 0.0009990009990009992
193 0.0009990009990009992
189 0.0009990009990009992
233 0.0009990009990009992
15 0.0009990009990009992
9 0.0009990009990009992
70 0.0009990009990009992
50 0.0009990009990009992
24 0.0009990009990009992
51 0.0009990009990009992
72 0.0009990009990009992
162 0.0009990009990009992
74 0.0009990009990009992
5 0.0009990009990009992
49 0.0009990009990009992
135 0.0009990009990009992
77 0.0009990009990009992
234 0.0009990009990009992
71 0.0009990009990009992
79 0.0009990009990009992
229 0.0009990009990009992
184 0.0009990009990009992
75 0.0009990009990009992
73 0.0009990009990009992
165 0.0009990009990009992
134 0.0009990009990009992
178 0.0009990009990009992
151 0.0009990009990009992
172 0.0009990009990009992
186 0.0009990009990009992
208 0.0009990009990009992
211 0.0009990009990009992
115 0.0009990009990009992
8 0.0009990009990009992
175 0.0009990009990009992
122 0.0009990009990009992
119 0.0009990009990009992
173 0.0009990009990009992
25 0.0009990009990009992
174 0.0009990009990009992
209 0.0009990009990009992
235 0.0009990009990009992
194 0.0009990009990009992
123 0.0009990009990009992
185 0.0009990009990009992
142 0.0009990009990009992
83 0.0009990009990009992
52 0.0009990009990009992
182 0.0009990009990009992
53 0.0009990009990009992
82 0.0009990009990009992
76 0.0009990009990009992
81 0.0009990009990009992
141 0.0009990009990009992
42 0.0009990009990009992
210 0.0009990009990009992
1 0.0009990009990009992
41 0.0009990009990009992
121 0.0009990009990009992
120 0.0009990009990009992
179 0.0009990009990009992
19 0.0009990009990009992
26 0.0009990009990009992
202 0.0009990009990009992
47 0.0009990009990009992
11 0.0009990009990009992
12 0.0009990009990009992
20 0.0009990009990009992
192 0.0009990009990009992
48 0.0009990009990009992
17 0.0009990009990009992
46 0.0009990009990009992
201 0.0009990009990009992
18 0.0009990009990009992
98 0.0009990009990009992
87 0.0009990009990009992
91 0.0009990009990009992
13 0.0009990009990009992
89 0.0009990009990009992
38 0.0009990009990009992
96 0.0009990009990009992
37 0.0009990009990009992
33 0.0009990009990009992
90 0.0009990009990009992
99 0.0009990009990009992
88 0.0009990009990009992
40 0.0009990009990009992
32 0.0009990009990009992
