1000 1
207 0.06709825424698809
222 1
225 1
223 1
227 1
230 0.08509547265117386
226 1
224 1
131 0.043346263025482744
221 1
231 0.0833533066913195
218 1
220 1
216 0.06749772140671137
217 1
219 1
212 0.06709499329058219
133 0.03627080286377191
29 0.03745289956091222
128 0.04247395718690335
176 0.05317233991557384
199 0.024360159591206507
183 0.05257558489329335
138 0.01978259203641836
126 0.017720852348785374
127 0.017629545569420056
57 0.0097918368478291
139 0.0056487917341277024
137 0.019106758821294697
196 0.014148474606117229
27 0.0217505792273816
0 0.02480528014061244
132 0.0017723298066089804
55 0.008812734686956338
130 0.008777679405592867
31 0.003534876744000248
163 0.0031460076925961616
198 0.01855239623229097
54 0.008780125122897295
213 0.004848226936478199
56 0.010514953930838376
157 0.0006562674766882379
129 0.007995049868175837
140 0.0017723298066089804
58 0.009173885608910238
152 0.001006820290322949
236 0.0012122605438949188
154 0.0008127933841716437
215 0.004848226936478199
30 0.009927981777775603
64 0.006853715126109336
180 0.0032821526225426654
168 0.0013655254949724205
167 0.0011869881317491608
6 0.0019304861922953382
61 0.006853715126109336
197 0.002852521616064776
158 0.0006733874978192354
188 0.005309652267913656
214 0.004848226936478199
7 0.0024098467839632686
60 0.007045296314956213
10 0.0024098467839632686
4 0.0024294125223986943
84 0.004447129298551972
169 0.0013655254949724205
149 0.0004125109853468924
3 0.002436749674311979
166 0.0013883521898137505
16 0.0010638870274262738
232 0.0007223018439077997
59 0.0023478886122510873
145 0.00021033168818082655
23 0.0007459437778506058
156 0.0007997495585480265
28 0.00039294524691146665
63 0.00022419075290591977
203 0.0005967550222804847
125 0.0003578899655479956
124 0.0003864233340996581
144 5.054482429151646e-05
22 0.0006375169773542882
164 0.0019247795185850058
170 0.0013655254949724205
21 0.0006375169773542882
171 0.0003000079893431945
205 0.00025598507786348657
62 0.0013655254949724205
195 0.0014087331673506523
159 0.00019402690615130512
204 0.00025598507786348657
228 1
69 0.0006717570196162832
2 0.00037908618218637346
146 0.00021033168818082655
78 0.002140002641374689
191 0.0004288157673764138
161 0.0003024537066476227
147 0.00023886505673248907
190 0.000351368052736187
206 0.00019321166704982905
143 5.054482429151646e-05
193 0.0003260956405904288
189 0.00018832023244097262
233 8.967630116236791e-05
15 4.320767237823181e-05
9 5.543625890037289e-05
70 0.00012962301713469543
50 0.0001336992126420758
24 8.886106206089184e-05
51 0.00013288397354059973
72 0.00012962301713469543
162 0.00011005727869926971
74 0.00012962301713469543
5 7.337151913284647e-06
49 8.641534475646362e-05
135 7.337151913284647e-06
77 0.00010842680049631757
234 5.462101979889682e-05
71 0.00015326495107750152
79 7.092580182841825e-05
229 1
184 7.337151913284647e-06
75 7.092580182841825e-05
73 0.00012962301713469543
165 0.0001043506049889372
134 1
178 1
151 2.03809775369018e-05
172 2.7718129450186445e-05
186 6.521912811808575e-06
208 3.2609564059042876e-06
211 3.2609564059042876e-06
115 4.157719417527967e-05
8 5.951245440775325e-05
175 3.424004226199502e-05
122 2.60876512472343e-05
119 2.03809775369018e-05
173 2.7718129450186445e-05
25 2.2826694841330013e-05
174 2.7718129450186445e-05
209 3.2609564059042876e-06
235 1.1413347420665007e-05
194 8.96763011623679e-06
123 1.5489542928045367e-05
185 6.032769350922932e-05
142 1.6304782029521438e-06
83 5.299054159594467e-05
52 2.4457173044282156e-06
182 8.96763011623679e-06
53 4.076195507380359e-06
82 3.668575956642324e-05
76 2.6902890348710375e-05
81 3.668575956642324e-05
141 1
42 8.152391014760719e-07
210 8.152391014760719e-07
1 1
41 8.152391014760719e-07
121 2.4457173044282156e-06
120 2.4457173044282156e-06
179 1.6304782029521438e-06
19 1
26 1
202 1.6304782029521438e-06
47 1
11 1
12 1
20 1
192 5.706673710332503e-06
48 1
17 1
46 8.152391014760719e-07
201 8.152391014760719e-07
18 1
98 1
87 1
91 1
13 1
89 1
38 1
96 1
37 1
33 1
90 1
99 1
88 1
40 1
32 1
