1000
207
222
225
223
227
230
226
224
131
221
231
218
220
216
217
219
212
133
29
128
176
199
183
138
126
127
57
139
137
196
27
0
132
55
130
31
163
198
54
213
56
157
129
140
58
152
236
154
215
30
64
180
168
167
6
61
197
158
188
214
7
60
10
4
84
169
149
3
166
16
232
59
145
23
156
28
63
203
125
124
144
22
164
170
21
171
205
62
195
159
204
228
69
2
146
78
191
161
147
190
206
143
193
189
233
15
9
70
50
24
51
72
162
74
5
49
135
77
234
71
79
229
184
75
73
165
134
178
151
172
186
208
211
115
8
175
122
119
173
25
174
209
235
194
123
185
142
83
52
182
53
82
76
81
141
42
210
1
41
121
120
179
19
26
202
47
11
12
20
192
48
17
46
201
18
98
87
91
13
89
38
96
37
33
90
99
88
40
32