1000 0.0009990009990009992
207 0.026316741488945507
222 0.02382744018595697
225 0.021438728966100423
223 0.02318626117038149
227 0.02083765450538473
230 0.0207406249716737
226 0.021393574553678744
224 0.02323452802826737
131 0.040893755375867716
221 0.025387183418947686
231 0.021156860365285846
218 0.025463622695996155
220 0.025447083656263372
216 0.026174651262363242
217 0.025930701575863774
219 0.025448432976570422
212 0.026317102255430255
133 0.04865200103794477
29 0.04478510545961091
128 0.041457176855891
176 0.03322583302126646
199 0.07055365123387586
183 0.033605634951259365
138 0.08549403829844977
126 0.11854133936146087
127 0.11824927114663382
57 0.14932986780153656
139 0.24673042318430352
137 0.08852166717304351
196 0.11762617238046764
27 0.07610871612373848
0 0.06857525806537919
132 0.4869059566845147
55 0.16353934538328493
130 0.16412657296939054
31 0.32711360704422937
163 0.40597371777343977
198 0.08959582152157769
54 0.1640844883226962
213 0.26828044647190574
56 0.14230101565169076
157 0.7206941950568128
129 0.1775283812354774
140 0.4869059566845147
58 0.15792916716677305
152 0.6284471349018429
236 0.5969832203839419
154 0.6760274770956709
215 0.26828044647190574
30 0.1668511396956669
64 0.2024249487043465
180 0.3751889628312676
168 0.5842650088396947
167 0.6263965671554618
6 0.4798471385468764
61 0.2024249487043465
197 0.40726559995689204
158 0.7150569495002694
188 0.25573620637541133
214 0.26828044647190574
7 0.42455869379688865
60 0.1979376305001048
10 0.42455869379688865
4 0.4076980564043895
84 0.9244009982920404
169 0.5842650088396947
149 0.7996456936111969
3 0.4069202947932562
166 0.5821389572941769
16 0.6141722282705542
232 0.6986622130785695
59 0.41510313969607415
145 0.8766980842992365
23 0.6979002430976021
156 0.6798580042758788
28 0.8159598120834922
63 0.8803162402607914
203 0.7461856917916919
125 0.8275674028245321
124 0.8173494207762693
144 0.967737821405653
22 0.7302897540158866
164 0.49455747631156805
170 0.5842650088396947
21 0.7302897540158866
171 0.843938688566245
205 0.8758980849523235
62 0.5842650088396947
195 0.537030173044414
159 0.8992854891001135
204 0.8758980849523235
228 0.9311263700153316
69 0.7161239012857238
2 0.815266778129455
146 0.8766980842992365
78 0.43942736899161244
191 0.8268545194631457
161 0.8344016095641981
147 0.8629057596212064
190 0.8959279840317125
206 0.886004226612521
143 0.967737821405653
193 0.8333150298188126
189 0.9035179247223316
233 0.9495485834775569
15 0.9726408703851103
9 0.9638508304518596
70 0.9244009982920404
50 0.9221807453067064
24 0.9481416690579119
51 0.9226239422668878
72 0.9244009982920404
162 0.9342984805428599
74 0.9244009982920404
5 0.9953337581341669
49 0.9486101770626467
135 0.9953337581341669
77 0.9356645824265858
234 0.967737821405653
71 0.9121034499633448
79 0.9571232064662194
229 0.9770962877154157
184 0.9953337581341669
75 0.9571232064662194
73 0.9244009982920404
165 0.9552182438884098
134 0.0009990009990009992
178 0.0009990009990009992
151 0.9876527140620668
172 0.9841086517113702
186 0.9963669334894514
208 0.9994793692245778
211 0.9994793692245778
115 0.9746160293682385
8 0.9633671509730035
175 0.9800893121980532
122 0.9841086517113702
119 0.9861307093320292
173 0.9841086517113702
25 0.9856244163127963
174 0.9841086517113702
209 0.9994793692245778
235 0.9927601697636764
194 0.9948179735478279
123 0.9901998558863019
185 0.9628839566905931
142 0.9994793692245778
83 0.9672502339089063
52 0.998439732320477
182 0.9948179735478279
53 0.9974022559848126
82 0.9770962877154157
76 0.9831007293827619
81 0.9770962877154157
141 0.0009990009990009992
42 0.9994793692245778
210 0.9994793692245778
1 0.0009990009990009992
41 0.9994793692245778
121 0.9979207245027542
120 0.9979207245027542
179 0.9989592802798704
19 0.0009990009990009992
26 0.0009990009990009992
202 0.0009990009990009992
47 0.0009990009990009992
11 0.0009990009990009992
12 0.0009990009990009992
20 0.0009990009990009992
192 0.9963669334894514
48 0.0009990009990009992
17 0.0009990009990009992
46 0.9994793692245778
201 0.9994793692245778
18 0.0009990009990009992
98 0.0009990009990009992
87 0.0009990009990009992
91 0.0009990009990009992
13 0.0009990009990009992
89 0.0009990009990009992
38 0.0009990009990009992
96 0.0009990009990009992
37 0.0009990009990009992
33 0.0009990009990009992
90 0.0009990009990009992
99 0.0009990009990009992
88 0.0009990009990009992
40 0.0009990009990009992
32 0.0009990009990009992
